px	py	v	yaw_angle	yaw_rate	px_measured	py_measured	px_true	py_true	vx_true	vy_true	NIS	sensor
0	0	0	0	0	0	0	0	0	0	0	-99	L
0.0273181	-0.027226	0	0	0	0	0	0	0	0	0	1.76426	R
1.48588	-0.0878728	0.433424	-5.76677e-018	-4.71667e-017	1.55945	-0.138501	2.09897	0.0522228	2.19595	0.109339	5.25956	L
1.58473	0.0228438	1.27938	-0.0771838	-0.0390528	1.81209	0.0474826	2.09897	0.0522228	2.19595	0.109339	13.9641	R
3.69066	0.139294	2.33826	-0.066029	-0.352805	3.89093	-0.134166	4.29136	0.215312	2.28434	0.226323	19.3177	L
3.79061	0.171372	2.43137	0.0909391	-0.342336	4.19528	0.218461	4.29136	0.215312	2.28434	0.226323	3.03732	R
6.76371	0.42064	3.18604	0.0965617	-0.245574	6.86352	0.416817	6.56942	0.496096	2.36382	0.348847	7.921	L
6.68653	0.445142	2.89571	0.129129	-0.177191	6.43926	0.472879	6.56942	0.496096	2.36382	0.348847	2.05225	R
9.04797	0.590646	3.05005	0.0508689	-0.105004	9.07733	0.593211	8.92437	0.89924	2.43359	0.474526	0.461644	L
9.00094	0.658331	2.76839	0.0958546	-0.0703746	8.89749	0.886982	8.92437	0.89924	2.43359	0.474526	2.23902	R
11.5896	1.63452	2.71242	0.406818	0.161517	11.5756	1.6669	11.3468	1.427	2.49328	0.600781	1.27723	L
11.5563	1.60499	2.6538	0.39752	0.159732	11.4447	1.42958	11.3468	1.427	2.49328	0.600781	0.550074	R
13.6565	2.36027	2.30149	0.406669	0.0695974	13.5921	2.31191	13.827	2.07905	2.5429	0.724947	1.79645	L
13.686	2.32694	2.41153	0.375554	0.0425347	13.6572	1.99915	13.827	2.07905	2.5429	0.724947	1.40201	R
16.5214	2.89947	2.86915	0.116655	-0.151794	16.6456	2.903	16.3554	2.85243	2.58284	0.844365	4.31936	L
16.474	2.88848	2.80023	0.120053	-0.150203	16.282	2.84648	16.3554	2.85243	2.58284	0.844365	0.594506	R
19.0364	3.6741	2.69448	0.282022	0.0432139	19.0106	3.70555	18.923	3.74161	2.61382	0.95648	1.18293	L
19.0739	3.6961	2.66361	0.296779	0.0588105	19.363	3.87122	18.923	3.74161	2.61382	0.95648	1.53628	R
21.3596	4.72606	2.55991	0.47299	0.135577	21.3312	4.73205	21.5215	4.73855	2.63679	1.05891	0.311906	L
21.4324	4.73143	2.71546	0.4516	0.110839	21.6213	4.74762	21.5215	4.73855	2.63679	1.05891	1.20574	R
24.0466	5.58647	2.77436	0.311647	-0.0499192	24.0787	5.56967	24.1437	5.83295	2.65286	1.14953	0.815346	L
24.1625	5.6227	2.96321	0.296765	-0.0632588	24.5601	5.92334	24.1437	5.83295	2.65286	1.14953	3.53713	R
26.6464	6.94214	2.83363	0.506186	0.109491	26.6052	6.96102	26.7833	7.01246	2.6632	1.22647	1.11475	L
26.6544	6.93404	2.9181	0.48857	0.0853591	26.5419	6.90075	26.7833	7.01246	2.6632	1.22647	0.583501	R
29.5256	8.08453	3.12836	0.361975	-0.0571403	29.5864	8.08789	29.4352	8.26299	2.66893	1.28822	1.24581	L
29.5146	8.08479	3.0915	0.365873	-0.0535186	29.4716	8.24519	29.4352	8.26299	2.66893	1.28822	0.0886758	R
31.9801	9.85333	3.00085	0.670965	0.177165	31.9416	9.88017	32.0955	9.56901	2.67105	1.33358	1.6522	L
31.9415	9.83248	2.97385	0.664467	0.16931	31.7928	9.49891	32.0955	9.56901	2.67105	1.33358	0.834209	R
34.6081	10.7715	2.71484	0.328121	-0.157483	34.6157	10.6988	34.7608	10.9139	2.67035	1.3617	3.79952	L
34.706	10.8094	2.87658	0.310489	-0.170413	35.0599	10.9953	34.7608	10.9139	2.67035	1.3617	2.60057	R
37.1739	12.0603	2.78375	0.443353	0.023682	37.1404	12.0883	37.4287	12.2803	2.66736	1.37209	1.2544	L
37.2561	12.0833	2.93592	0.438021	0.0140622	37.4973	12.2943	37.4287	12.2803	2.66736	1.37209	1.68196	R
40.2405	13.432	3.32959	0.420788	-0.0112116	40.3285	13.4666	40.0971	13.6505	2.66232	1.36459	2.13133	L
40.169	13.415	3.16926	0.433489	0.00250658	39.9009	13.6243	40.0971	13.6505	2.66232	1.36459	1.27012	R
42.7948	14.8334	3.059	0.510039	0.0508816	42.7664	14.8294	42.7638	15.0065	2.65515	1.33938	0.241105	L
42.7815	14.8292	3.08744	0.506305	0.0441753	42.5714	14.9817	42.7638	15.0065	2.65515	1.33938	0.395562	R
45.3503	16.5393	3.14629	0.625817	0.0927814	45.3572	16.5524	45.4265	16.3307	2.64546	1.29701	0.106757	L
45.3974	16.5534	3.19996	0.619103	0.0865369	45.649	16.5213	45.4265	16.3307	2.64546	1.29701	0.706281	R
48.1887	17.3654	2.81058	0.261824	-0.196793	48.1541	17.2835	48.0823	17.6063	2.6326	1.23832	3.91254	L
48.1579	17.3577	2.78142	0.267553	-0.192532	47.9331	17.5349	48.0823	17.6063	2.6326	1.23832	0.332933	R
50.625	19.0007	2.82118	0.641733	0.179977	50.6228	19.0721	50.7276	18.8172	2.61569	1.16454	3.99333	L
50.6265	18.9848	2.88212	0.621159	0.154328	50.5737	18.7834	50.7276	18.8172	2.61569	1.16454	0.44224	R
53.6461	19.922	3.03463	0.213146	-0.212787	53.7268	19.8982	53.3577	19.9486	2.59372	1.07716	4.34932	L
53.6111	19.8943	2.9168	0.204879	-0.226387	53.5277	19.862	53.3577	19.9486	2.59372	1.07716	0.551351	R
56.0863	21.0512	2.69761	0.398345	0.037792	56.0322	21.0923	55.9669	20.9874	2.56561	0.978022	2.69421	L
56.0539	21.0366	2.67674	0.391944	0.0317378	55.867	20.985	55.9669	20.9874	2.56561	0.978022	0.49208	R
58.6413	21.7936	2.7457	0.266209	-0.0698154	58.6632	21.7821	58.5484	21.9225	2.53033	0.869205	0.352335	L
58.6507	21.8003	2.78804	0.269553	-0.0655759	58.5799	21.9815	58.5484	21.9225	2.53033	0.869205	0.0816773	R
60.9331	22.7825	2.54006	0.395681	0.0522388	60.8722	22.7876	61.0941	22.7449	2.48697	0.753031	1.21487	L
60.9182	22.7723	2.58117	0.390453	0.0467122	60.7648	22.6398	61.0941	22.7449	2.48697	0.753031	0.6279	R
63.3732	23.4277	2.5808	0.247006	-0.0738453	63.3821	23.4069	63.5955	23.4479	2.43482	0.631987	0.412442	L
63.4368	23.4486	2.6097	0.241495	-0.0804276	63.7478	23.7442	63.5955	23.4479	2.43482	0.631987	2.05862	R
66.2655	23.9797	2.93015	0.143247	-0.0868911	66.3403	23.9959	66.0431	24.0276	2.37349	0.508655	1.40459	L
66.1609	23.9274	2.65765	0.106193	-0.12943	65.8838	23.9541	66.0431	24.0276	2.37349	0.508655	3.26415	R
68.3435	24.3486	2.29752	0.133262	-0.037989	68.262	24.3582	68.4273	24.4824	2.30293	0.385623	1.89501	L
68.426	24.3802	2.43973	0.153849	-0.0185809	68.6759	24.6059	68.4273	24.4824	2.30293	0.385623	1.76001	R
70.8146	24.8721	2.49337	0.213063	0.0306936	70.8275	24.8844	70.7384	24.8137	2.22347	0.265395	0.119238	L
70.7722	24.8566	2.38178	0.202742	0.0192401	70.7403	24.6728	70.7384	24.8137	2.22347	0.265395	0.517759	R
72.9384	24.7606	2.16931	-0.0669558	-0.159608	72.8923	24.7135	72.9675	25.025	2.13584	0.150292	1.61136	L
72.9782	24.779	2.23119	-0.0564594	-0.148697	73.0732	25.0343	72.9675	25.025	2.13584	0.150292	0.47563	R
75.0214	25.2067	2.06929	0.185732	0.0894206	75.0021	25.2595	75.1062	25.1224	2.04114	0.0423626	1.91813	L
75.0104	25.2025	2.0584	0.182429	0.0870445	74.9748	25.1377	75.1062	25.1224	2.04114	0.0423626	0.0409413	R
77.1155	24.9816	2.0736	-0.131208	-0.154861	77.1225	24.9297	77.1475	25.1137	1.9408	-0.0566978	1.70035	L
77.1164	24.9677	2.00092	-0.160024	-0.190005	77.1386	25.2948	77.1475	25.1137	1.9408	-0.0566978	0.582918	R
79.0902	24.9933	1.99025	-0.0226077	0.00749502	79.1089	25.0369	79.0861	25.0086	1.83649	-0.145607	1.19464	L
79.0886	24.9945	1.9492	-0.0288449	-0.000598578	79.1718	24.9698	79.0861	25.0086	1.83649	-0.145607	0.16415	R
80.8388	24.8754	1.82017	-0.0683634	-0.0244141	80.8074	24.8688	80.9183	24.8178	1.73008	-0.223536	0.256641	L
80.8634	24.8804	1.77139	-0.07866	-0.0427371	81.1423	24.8704	80.9183	24.8178	1.73008	-0.223536	1.17195	R
82.6132	24.644	1.81412	-0.154903	-0.0617096	82.6216	24.6393	82.6423	24.5525	1.6235	-0.29012	0.0314848	L
82.5886	24.6327	1.74277	-0.178008	-0.0857099	82.5085	24.8114	82.6423	24.5525	1.6235	-0.29012	0.239445	R
84.1838	24.5256	1.64906	-0.0924718	0.011637	84.1733	24.5504	84.2584	24.2245	1.51869	-0.345444	0.356275	L
84.1893	24.5269	1.64661	-0.0921762	0.0108925	84.2898	24.3312	84.2584	24.2245	1.51869	-0.345444	0.0316556	R
85.6672	23.8595	1.58732	-0.450652	-0.201531	85.6378	23.808	85.7688	23.8451	1.41749	-0.390006	1.4879	L
85.7163	23.8777	1.64706	-0.426309	-0.181422	85.9743	23.7547	85.7688	23.8451	1.41749	-0.390006	0.695681	R
86.9765	23.4817	1.38071	-0.397593	-0.0693771	86.9449	23.527	87.1776	23.4252	1.32159	-0.424654	1.11516	L
87.0752	23.5122	1.43573	-0.34914	-0.041532	87.6171	23.5127	87.1776	23.4252	1.32159	-0.424654	3.62657	R
88.7425	22.8099	1.82314	-0.412444	-0.0494407	88.8227	22.7869	88.4904	22.9745	1.23248	-0.450514	1.84152	L
88.6756	22.7846	1.72479	-0.478314	-0.106484	88.4191	22.9498	88.4904	22.9745	1.23248	-0.450514	1.01404	R
89.6081	22.263	1.17024	-0.564171	-0.112139	89.4967	22.3082	89.7145	22.5017	1.15138	-0.468904	3.78668	L
89.6454	22.2745	1.19608	-0.543966	-0.0995982	89.7821	22.4826	89.7145	22.5017	1.15138	-0.468904	0.455262	R
90.5286	21.6615	1.11909	-0.646905	-0.102948	90.5133	21.6677	90.858	22.0141	1.07929	-0.481241	0.0727009	L
90.6193	21.6875	1.22713	-0.550615	-0.0283281	90.8419	22.0974	90.858	22.0141	1.07929	-0.481241	1.94532	R
91.6994	21.1073	1.26732	-0.488704	0.0209469	91.7178	21.1152	91.9302	21.5174	1.01698	-0.488964	0.114107	L
91.7578	21.1225	1.27254	-0.465751	0.0235677	92.0492	21.5289	91.9302	21.5174	1.01698	-0.488964	1.89125	R
92.8596	20.912	1.1429	-0.18346	0.16049	92.8599	20.9537	92.9411	21.016	0.964993	-0.493443	0.707752	L
92.9179	20.9338	1.11734	-0.157641	0.165319	93.3186	21.0712	92.9411	21.016	0.964993	-0.493443	2.48104	R
93.5668	20.3006	0.778263	-0.537839	-0.121529	93.4668	20.2155	93.9011	20.513	0.92369	-0.495919	4.67234	L
93.6231	20.3226	0.892011	-0.488106	-0.0790411	93.7423	20.5071	93.9011	20.513	0.92369	-0.495919	0.890444	R
95.146	19.6784	1.63969	-0.361404	0.0497196	95.3229	19.6585	94.8209	20.01	0.893308	-0.497439	7.82422	L
94.9934	19.6326	1.40304	-0.568878	-0.0984698	94.494	19.8854	94.8209	20.01	0.893308	-0.497439	4.98589	R
95.6268	19.6022	0.656231	-0.377299	0.0287871	95.5039	19.6984	95.7116	19.5078	0.87398	-0.498816	6.76854	L
95.6456	19.5939	0.744783	-0.362912	0.0435102	95.6097	19.5804	95.7116	19.5078	0.87398	-0.498816	0.424602	R
96.2786	19.1974	0.760785	-0.495029	-0.0481752	96.2641	19.1597	96.5842	19.0065	0.865773	-0.500589	0.347902	L
96.3268	19.2063	0.835647	-0.448164	-0.0150026	96.559	18.8688	96.5842	19.0065	0.865773	-0.500589	0.568933	R
97.438	18.7396	1.22649	-0.368498	0.0372426	97.5286	18.727	97.45	18.506	0.868716	-0.503009	2.09474	L
97.4198	18.7315	1.1722	-0.408237	0.00703609	97.5333	18.1735	97.45	18.506	0.868716	-0.503009	0.209518	R
98.2511	18.3625	0.984506	-0.397593	0.00555169	98.2105	18.3739	98.3198	18.0049	0.882805	-0.506023	0.449883	L
98.2639	18.3651	0.971981	-0.397744	0.000707507	98.4162	18.1556	98.3198	18.0049	0.882805	-0.506023	0.1959	R
99.0556	17.4445	1.1095	-0.933763	-0.273035	99.0363	17.357	99.2049	17.503	0.908006	-0.509278	2.54939	L
99.0743	17.4849	1.17483	-0.798881	-0.152898	98.9782	17.2949	99.2049	17.503	0.908006	-0.509278	1.51688	R
99.9651	16.9437	1.06678	-0.6199	0.0172972	99.9969	16.9882	100.117	17.0001	0.944242	-0.512134	1.04233	L
100.046	16.9587	1.1111	-0.553262	0.0544166	100.441	16.9521	100.117	17.0001	0.944242	-0.512134	2.03211	R
101.161	16.5217	1.21793	-0.311771	0.15252	101.204	16.5368	101.065	16.497	0.991362	-0.513687	0.551039	L
101.141	16.5218	1.15184	-0.336657	0.128719	101.169	16.4353	101.065	16.497	0.991362	-0.513687	0.222598	R
102.352	16.3782	1.24852	-0.0202187	0.225937	102.387	16.3992	102.063	15.9949	1.04911	-0.512803	0.469775	L
102.274	16.3694	1.11867	-0.055244	0.201841	102.081	15.8359	102.063	15.9949	1.04911	-0.512803	1.437	R
103.075	15.4799	0.851533	-0.721001	-0.23969	103.003	15.353	103.119	15.4967	1.11708	-0.508169	7.02142	L
103.052	15.5174	0.950689	-0.621743	-0.144567	102.776	15.1195	103.119	15.4967	1.11708	-0.508169	3.26472	R
104.041	15.2184	1.03404	-0.325878	0.0863347	104.114	15.2708	104.244	15.0064	1.19469	-0.498349	2.00923	L
104.038	15.2096	1.12044	-0.307104	0.105008	103.905	14.7607	104.244	15.0064	1.19469	-0.498349	0.971385	R
105.452	14.496	1.59265	-0.48965	-0.0408885	105.541	14.4412	105.447	14.5293	1.28111	-0.481861	3.08407	L
105.412	14.4847	1.54358	-0.520048	-0.062199	105.316	14.0026	105.447	14.5293	1.28111	-0.481861	0.423272	R
106.81	14.021	1.51401	-0.318298	0.0767663	106.831	14.0482	106.737	14.0724	1.37529	-0.457255	0.582099	L
106.762	14.0116	1.50391	-0.336043	0.0707377	106.439	14.2401	106.737	14.0724	1.37529	-0.457255	1.12257	R
108.095	13.6515	1.43811	-0.219604	0.0959937	108.084	13.6604	108.122	13.644	1.47592	-0.423202	0.0651339	L
108.116	13.6538	1.5006	-0.203967	0.111663	108.131	13.6844	108.122	13.644	1.47592	-0.423202	0.164169	R
109.536	13.5589	1.47694	0.00170809	0.163289	109.534	13.5714	109.606	13.2536	1.58144	-0.378583	0.0784374	L
109.506	13.5535	1.45977	-0.00536605	0.159897	109.388	13.1556	109.606	13.2536	1.58144	-0.378583	0.373828	R
111.046	12.6795	1.53428	-0.594534	-0.249717	111.063	12.5814	111.196	12.9118	1.69008	-0.322574	4.79284	L
111.142	12.7312	1.72604	-0.50568	-0.162515	111.426	12.9557	111.196	12.9118	1.69008	-0.322574	2.72736	R
112.864	12.4333	1.70798	-0.166776	0.122213	112.913	12.4877	112.893	12.6299	1.7999	-0.254723	2.5044	L
112.873	12.4303	1.75778	-0.159361	0.129331	112.797	12.8241	112.893	12.6299	1.7999	-0.254723	0.140637	R
114.758	12.528	1.90827	0.164284	0.238535	114.801	12.5506	114.699	12.4195	1.90891	-0.175007	0.752567	L
114.771	12.5332	1.89031	0.170124	0.241705	114.916	12.3187	114.699	12.4195	1.90891	-0.175007	0.235447	R
116.684	12.1715	1.82232	-0.156377	-0.0824235	116.687	12.1035	116.611	12.2921	2.01507	-0.0838683	2.89775	L
116.74	12.1961	1.98189	-0.133503	-0.0536316	116.871	12.0659	116.611	12.2921	2.01507	-0.0838683	1.03319	R
118.895	11.9942	2.21569	-0.0971993	0.0053785	118.953	12.0009	118.628	12.2586	2.11648	0.0177712	0.85009	L
118.892	11.9942	2.20372	-0.0985378	0.00386523	118.85	12.4063	118.628	12.2586	2.11648	0.0177712	0.0189997	R
120.754	12.261	1.91731	0.155816	0.149765	120.695	12.2918	120.743	12.3289	2.21139	0.128528	1.54623	L
120.805	12.2592	2.03671	0.155077	0.147568	120.934	12.1905	120.743	12.3289	2.21139	0.128528	0.621945	R
123.414	12.8016	2.69122	0.271785	0.118507	123.568	12.8297	122.95	12.5114	2.29835	0.246599	5.90608	L
123.341	12.8013	2.54208	0.291215	0.137465	123.142	12.7694	122.95	12.5114	2.29835	0.246599	1.16951	R
125.06	12.8568	1.74783	0.15475	-0.0119351	124.894	12.7743	125.242	12.8125	2.37624	0.369827	8.82811	L
125.186	12.8871	2.11331	0.144229	-0.0192805	125.376	12.9964	125.242	12.8125	2.37624	0.369827	5.0216	R
127.736	13.3056	2.61326	0.163369	0.00754659	127.853	13.3273	127.609	13.2365	2.44434	0.495787	3.41968	L
127.694	13.3013	2.57062	0.164499	0.0081364	127.506	13.153	127.609	13.2365	2.44434	0.495787	0.553438	R
129.985	13.7018	2.41263	0.17675	0.0112776	129.947	13.6963	130.042	13.7853	2.50232	0.621879	0.343558	L
130.04	13.7074	2.4503	0.175711	0.0109789	130.334	13.781	130.042	13.7853	2.50232	0.621879	1.18596	R
132.137	14.4906	2.27942	0.387221	0.136746	132.092	14.507	132.53	14.458	2.55028	0.74543	0.864707	L
132.223	14.4857	2.47191	0.357783	0.102489	132.447	14.3423	132.53	14.458	2.55028	0.74543	1.74582	R
134.977	15.0506	2.81253	0.161473	-0.0903615	135.074	15.0475	135.066	15.2513	2.58865	0.863795	2.81413	L
134.975	15.0439	2.73805	0.160132	-0.0908187	135.127	14.6575	135.066	15.2513	2.58865	0.863795	0.44816	R
137.558	16.1733	2.78611	0.456138	0.149599	137.561	16.2147	137.639	16.1592	2.61821	0.974442	1.58128	L
137.604	16.1649	2.90066	0.432487	0.118913	137.653	16.5145	137.639	16.1592	2.61821	0.974442	0.583165	R
140.316	17.0308	2.88681	0.313929	-0.0336821	140.331	17.008	140.242	17.1733	2.63994	1.07503	0.671605	L
140.328	17.0329	2.91148	0.31067	-0.0371182	140.305	17.5379	140.242	17.1733	2.63994	1.07503	0.0504582	R
142.912	17.9895	2.82593	0.347939	0.0109059	142.888	17.9918	142.868	18.2829	2.65497	1.16346	0.183585	L
142.881	17.9844	2.83802	0.343927	0.00266639	142.626	18.1458	142.868	18.2829	2.65497	1.16346	0.778507	R
145.4	19.151	2.83019	0.456134	0.0732567	145.392	19.1617	145.51	19.4754	2.66445	1.23795	0.146291	L
145.488	19.1555	2.95934	0.433808	0.0487884	145.789	19.3785	145.51	19.4754	2.66445	1.23795	1.78776	R
148.22	20.4654	3.09284	0.462548	0.0331266	148.251	20.4754	148.163	20.7364	2.66951	1.29702	0.25276	L
148.203	20.467	3.03627	0.475619	0.0500411	148.146	20.9376	148.163	20.7364	2.66951	1.29702	0.161857	R
150.695	22.1056	3.03776	0.626662	0.116008	150.686	22.1142	150.825	22.0502	2.67111	1.33953	0.127943	L
150.712	22.096	3.12509	0.594311	0.0713864	150.649	21.8148	150.825	22.0502	2.67111	1.33953	0.66647	R
153.407	23.5094	3.08804	0.471281	-0.0571357	153.422	23.4909	153.491	23.3999	2.66999	1.3647	0.503956	L
153.391	23.5065	3.04311	0.480317	-0.045403	153.466	22.9115	153.491	23.3999	2.66999	1.3647	0.103211	R
156.049	24.8103	3.02791	0.428944	-0.0491895	156.047	24.8084	156.159	24.7682	2.66666	1.37208	0.0031488	L
156.024	24.8094	2.93253	0.446385	-0.0250975	156.009	25.0678	156.159	24.7682	2.66666	1.37208	0.420296	R
158.857	26.018	3.13504	0.373794	-0.0585251	158.905	26.0308	158.827	26.1372	2.66127	1.36157	0.610348	L
158.881	26.0217	3.13905	0.373051	-0.0568262	159.014	26.1903	158.827	26.1372	2.66127	1.36157	0.3361	R
161.459	27.4197	2.97839	0.500964	0.063707	161.412	27.4256	161.493	27.4891	2.65371	1.33344	0.840479	L
161.473	27.4254	2.96416	0.507203	0.0734933	161.529	27.8454	161.493	27.4891	2.65371	1.33344	0.252474	R
163.685	28.7966	2.6824	0.594213	0.0891298	163.625	28.7683	164.155	28.8064	2.64354	1.28825	1.07543	L
163.801	28.807	2.858	0.552152	0.0431627	164.116	29.315	164.155	28.8064	2.64354	1.28825	2.94684	R
166.726	30.1817	3.25045	0.386449	-0.101291	166.828	30.2062	166.809	30.0721	2.63006	1.22694	2.9689	L
166.68	30.1714	3.10156	0.408605	-0.0729142	166.748	29.7121	166.809	30.0721	2.63006	1.22694	0.905574	R
169.163	31.3833	2.83885	0.430829	-0.010721	169.097	31.3717	169.452	31.2706	2.61238	1.15075	1.12211	L
169.176	31.3844	2.86321	0.427212	-0.0149253	169.345	30.7063	169.452	31.2706	2.61238	1.15075	0.0587942	R
172.108	32.3342	3.12039	0.258963	-0.11816	172.175	32.3404	172.079	32.3873	2.58945	1.06126	1.28735	L
172.095	32.328	3.01696	0.262633	-0.112068	172.135	32.6666	172.079	32.3873	2.58945	1.06126	0.648213	R
174.688	33.4455	2.8567	0.392258	0.0414213	174.643	33.4625	174.685	33.4095	2.56021	0.960341	1.06603	L
174.655	33.4438	2.78418	0.400062	0.0517698	174.474	33.9157	174.685	33.4095	2.56021	0.960341	0.265331	R
177.063	34.2306	2.59774	0.321309	-0.0295237	177.03	34.2009	177.261	34.3262	2.52363	0.850119	0.634454	L
177.07	34.2311	2.58682	0.321213	-0.0288866	177.211	33.8467	177.261	34.3262	2.52363	0.850119	0.0761338	R
180.022	35.1102	3.11847	0.262878	-0.0483901	180.145	35.1423	179.799	35.1289	2.47883	0.732949	3.897	L
179.904	35.0883	2.83804	0.279581	-0.0290752	179.543	35.4767	179.799	35.1289	2.47883	0.732949	3.42788	R
182.596	35.7554	2.84672	0.221554	-0.0472191	182.599	35.753	182.292	35.8114	2.42515	0.611338	0.0103227	L
182.494	35.7352	2.65078	0.226967	-0.0416534	182.047	36.2626	182.292	35.8114	2.42515	0.611338	2.45139	R
184.778	36.5084	2.47102	0.323811	0.0461447	184.732	36.5155	184.73	36.37	2.36226	0.487877	0.670642	L
184.753	36.5078	2.3785	0.331694	0.0561305	184.833	36.1451	184.73	36.37	2.36226	0.487877	0.346381	R
186.956	36.9677	2.29364	0.205601	-0.0568579	186.946	36.9404	187.103	36.804	2.29017	0.365145	0.456262	L
187.018	36.9804	2.38008	0.200455	-0.0605172	187.296	36.9375	187.103	36.804	2.29017	0.365145	1.0388	R
189.434	37.3993	2.5116	0.141661	-0.0584646	189.465	37.4052	189.401	37.1147	2.20928	0.245623	0.237336	L
189.442	37.3977	2.42462	0.138011	-0.0619887	189.738	36.951	189.401	37.1147	2.20928	0.245623	1.0264	R
191.746	37.5689	2.37911	0.037238	-0.0860718	191.735	37.5631	191.615	37.3064	2.12037	0.131591	0.045347	L
191.703	37.5565	2.27577	0.027711	-0.0966224	191.682	37.1147	191.615	37.3064	2.12037	0.131591	0.479404	R
193.553	37.2963	1.93797	-0.191555	-0.176902	193.471	37.2789	193.738	37.3853	2.02462	0.0250452	1.79441	L
193.574	37.3062	2.00968	-0.175459	-0.158569	193.555	37.4234	193.738	37.3853	2.02462	0.0250452	0.228224	R
195.902	37.3579	2.29199	0.0581468	0.0880719	195.991	37.3991	195.762	37.3598	1.92349	-0.072386	3.187	L
195.801	37.3477	2.0741	0.0276407	0.0624221	195.507	37.4891	195.762	37.3598	1.92349	-0.072386	2.35018	R
197.736	37.7115	2.01571	0.238802	0.15068	197.725	37.7285	197.683	37.2395	1.81869	-0.159495	0.247927	L
197.69	37.7043	1.94586	0.236155	0.149471	197.582	37.303	197.683	37.2395	1.81869	-0.159495	0.529647	R
199.358	37.3734	1.57729	-0.124657	-0.147973	199.294	37.2862	199.497	37.0353	1.71212	-0.235529	4.39938	L
199.365	37.3801	1.61594	-0.116755	-0.138815	199.356	37.3527	199.497	37.0353	1.71212	-0.235529	0.070003	R
201.431	37.0053	2.1193	-0.248045	-0.119526	201.549	36.9973	201.203	36.7587	1.6057	-0.300201	3.42816	L
201.334	36.9717	1.94511	-0.31365	-0.17808	200.932	37.4694	201.203	36.7587	1.6057	-0.300201	2.20733	R
202.984	36.4376	1.808	-0.388019	-0.122523	202.962	36.4568	202.801	36.4212	1.50137	-0.353671	0.290185	L
202.932	36.4237	1.71122	-0.427131	-0.160069	202.65	37.2445	202.801	36.4212	1.50137	-0.353671	0.637384	R
204.069	36.1334	1.22788	-0.382526	-0.0499917	203.991	36.1967	204.294	36.0343	1.40095	-0.396497	3.00007	L
204.075	36.1253	1.3614	-0.354626	-0.0128949	203.809	36.2941	204.294	36.0343	1.40095	-0.396497	1.88549	R
